width= 25  
height= 16

192 192 192 192 192 192 192 192 192 192 192 192 192 192 192 192 192 192 192 192 192 192 192 192 192 
192 192 192 192 192 192 192 192 192 192 192 192 192 192 192 192 192 192 192 192 192 192 192 192 192 
192 192 192 192 192 192 192 192 192 192 192 192 192 192 192 192 192 192 192 192 192 192 192 192 192 
192 192 192 192 192 192 192 192 192 192 192 192 192 192 192 192 192 192 192 192 192 192 192 192 192 
192 192 192 192 192 192 181 181 181 181 181 181 181 181 181 181 181 181 181 192 192 192 192 192 192 
192 192 192 192 192 192 181 192 192 192 192 192 192 192 192 192 192 192 181 192 192 192 192 192 192 
192 192 192 192 192 192 181 192 192 192 192 192 192 192 192 192 192 192 181 192 192 192 192 192 192 
192 192 192 192 192 192 181 192 192 192 192 192 192 192 192 192 192 192 181 192 192 192 192 192 192 
192 192 192 192 192 192 181 192 192 192 192 192 192 192 192 192 192 192 181 192 192 192 192 192 192 
192 192 192 192 192 192 181 192 192 192 192 192 192 192 192 192 192 192 181 192 192 192 192 192 192 
192 192 192 192 192 192 181 192 192 192 192 192 192 192 192 192 192 192 181 192 192 192 192 192 192 
192 192 192 192 192 192 181 181 181 181 181 181 181 181 181 181 181 181 181 192 192 192 192 192 192 
192 192 192 192 192 192 192 192 192 192 192 192 192 192 192 192 192 192 192 192 192 192 192 192 192 
192 192 192 192 192 192 192 192 192 192 192 192 192 192 192 192 192 192 192 192 192 192 192 192 192 
192 192 192 192 192 192 192 192 192 192 192 192 192 192 192 192 192 192 192 192 192 192 192 192 192 
192 192 192 192 192 192 192 192 192 192 192 192 192 192 192 192 192 192 192 192 192 192 192 192 192
