width= 57 
height= 21

 96  96  96  96  96  96  96  96  96  96  96  96  96  96  96  96  96  96  96  96  96  96  96  96  96  96  96  96  96  96  96  96  96  96  96  96  96  96  96  96  96  96  96  96  96  96  96  96  96  96  96  96  96  96  96  96  96
 96  96  96  96  96  96  96  96  96  96  96  96  96  96  96  96  96  96  96  96  96  96  96  96  96  96  96  96  96  96  96  96  96  96  96  96  96  96  96  96  96  96  96  96  96  96  96  96  96  96  96  96  96  96  96  96  96
 96  96  96  96  96  96  96  96  96  96  96  96  96  96  96  96  96  96  96  96  96  96  96  96  96  96  96  96  96  96  96  96  96  96  96  96  96  96  96  96  96  96  96  96  96  96  96  96  96  96  96  96  96  96  96  96  96
 96  96  96  96  96  96  96  96  96  96  96  96  96  96  96  96  96  96  96  96  96  96  96  96  96  96  96  96  96  96  96  96  96  96  96  96  96  96  96  96  96  96  96  96  96  96  96  96  96  96  96  96  96  96  96  96  96
 96  96  96  96  96  96  96  96  96  96  96  96  96  96  96  96  96  96  96  96  96  96  96  96  96  96  96  96  96  96  96  96  96  96  96  96  96  96  96  96  96  96  96  96  96  96  96  96  96  96  96  96  96  96  96  96  96
 96  96  96  96  96  96  96  96  96  96  96  96  96  96  96  96  96  96  96  96  96  96  96  96  96  96  96  96  96  96  96  96  96  96  96  96  96  96  96  96  96  96  96  96  96  96  96  96  96  96  96  96  96  96  96  96  96
 96  96  96  96  96  96  96  96  96  96  96  96  96  96  96  96  96  96  96  96  96  96  96  96  96  96  96  96  96  96  96  96  96  96  96  96  96  96  96  96  96  96  96  96  96  96  96  96  96  96  96  96  96  96  96  96  96
 96  96  96  96  96  96  96  96  96  96  96  96  96  96  96  96  96  96  96  96  96  96  96  96  96  96  96  96  96  96  96  96  96  96  96  96  96  96  96  96  96  96  96  96  96  96  96  96  96  96  96  96  96  96  96  96  96
 96  96  96  05  06  04  05  96  96  96  96  96  04  06  05  96  96  96  96  96  96  96  96  96  96  96  96  96  96  96  96  96  96  96  96  96  96  04  06  06  06  96  96  96  96  96  96  96  96  96  96  96  96  96  96  96  96
 96  96  96  96  96  96  96  96  96  96  96  96  96  96  96  96  96  96  96  96  96  96  96  96  96  96  96  96  96  96  96  96  96  96  96  96  96  96  96  96  96  96  96  96  96  96  96  96  96  96  96  96  96  96  96  96  96
 96  96  96  96  96  96  96  96  96  96  96  96  96  96  96  96  96  96  96  96  96  96  96  02  02  05  96  96  96  96  96  96  96  96  96  96  96  96  96  96  96  96  96  96  96  96  96  96  96  96  96  96  96  96  96  96  96
 96  96  96  96  96  96  96  96  96  96  96  96  96  96  96  96  96  96  96  96  96  96  96  96  96  96  96  96  96  96  96  96  96  96  96  96  96  96  96  96  96  96  96  96  96  96  96  96  96  96  96  96  96  96  96  96  96
 96  96  96  96  96  96  96  96  96  96  96  96  96  96  96  96  96  96  05  01  00  07  96  96  96  96  96  96  96  96  96  96  96  96  96  96  96  96  96  96  96  96  96  96  96  96  96  96  96  96  96  96  96  96  96  96  96
 96  96  96  96  96  96  96  96  96  96  96  96  96  96  96  96  96  96  96  96  96  96  96  96  96  96  96  96  96  96  96  96  96  96  96  96  96  96  96  96  96  96  96  96  96  96  96  96  96  96  96  96  96  96  96  96  96
 96  96  96  96  96  96  96  96  96  96  96  96  02  03  03  04  96  96  96  96  96  96  96  96  96  96  96  96  96  96  96  96  96  96  96  96  96  96  96  96  96  96  96  96  96  96  96  96  96  96  96  96  96  96  96  96  96
 96  96  96  96  96  96  96  96  96  96  96  96  96  96  96  96  96  96  96  96  96  96  96  96  96  96  96  96  96  96  96  96  96  96  96  96  96  96  96  96  96  96  96  96  96  96  96  96  96  96  96  96  96  96  96  96  96
 96  96  96  96  96  03  05  05  05  96  96  96  96  96  96  96  96  96  96  96  96  96  96  96  96  96  96  96  96  96  96  96  96  96  96  96  96  96  96  96  96  96  96  96  96  96  96  96  96  96  96  96  96  96  96  96  96
 96  96  96  96  96  96  96  96  96  96  96  96  96  96  96  96  96  96  96  96  96  96  96  96  96  96  96  96  96  96  96  96  96  96  96  96  96  96  96  96  96  96  96  96  96  96  96  96  96  96  96  96  96  96  96  96  96
 96  96  96  96  96  96  96  96  96  96  96  96  96  96  96  96  96  96  96  96  96  96  96  96  96  96  96  96  96  96  96  96  96  96  96  96  96  96  96  96  96  96  96  96  96  96  96  96  96  96  96  96  96  96  96  96  96
 04  04  05  06  05  07  07  05  04  04  05  06  05  07  07  05  04  04  05  06  05  07  07  05  04  04  05  06  05  07  07  05  04  04  05  06  05  07  04  04  05  06  05  07  06  04  05  06  05  07  04  04  05  06  05  07  06
 39  38  38  37  39  37  38  38  37  39  38  38  37  39  37  38  38  37  39  38  38  37  39  37  38  38  37  39  38  38  37  39  37  38  38  37  39  38  37  38  38  37  39  38  37  38  38  37  39  38  37  38  38  37  39  38  37

blocks2_.png

